57
619
621
1377
1380
1678
1680
1983
2008
2010
2144
2347
2350
3356
3359
5154
5158
5163
5166
5263
5473
5474
5717
5959
5962
6020
6024
6031
6034
6463
6906
6908
7378
7381
7623
7625
9828
9831
10253
10257
10684
12373
12376
12463
12465
12468
13178
13300
13458
13461
14830
14832
14973
14976
15260
15262
15952
16427
17246
17251
17591
19436
19439
20204
20207
20496
20796
20799
21788
21790
21944
21946
24682
25138
25698
27736
29137
29143
30726
30881
30883
31011
31235
31238
31989
32015
32038
32041
32295
33086
33745
33747
34963
34966
35768
35771
36035
36038
36058
36061
36571
36574
37187
37190
37449
37452
37953
37956
38230
38232
38331
38334
38580
38583
38832
38833
39498
39501
40209
40212
40578
40581
40597
40599
42603
42606
42840
43034
43037
43906
43907
48230
48233
49736
50298
50302
50968
50972
51395
51397
51979
52743
52745
53163
53240
53392
53395
53542
53545
54447
54451
54800
55257
55260
55789
56189
56967
56970
58206
58209
59305
59314
59317
59387
59389
59903
61242
61247
61304
63492
63496
63693
63915
63919
63929
63954
63958
64293
64295
64591
65081
65083
65210
65212
65385
65388
66112
66114
66333
66335
67399
67457
67460
67636
67639
67739
67741
69128
69132
69446
69469
69631
69634
70381
70383
70427
70715
70717
71144
71147
71152
72194
72423
72427
72518
72521
72934
72938
73998
74930
75584
76087
76090
76685
76689
77212
77214
77278
77484
77487
78219
78224
78749
78753
78874
78877
79190
79618
80552
80554
80649
80757
80760
81031
81814
81817
82060
82064
82786
82790
83335
83338
83865
83866
84484
84580
85145
85147
85402
85405
85557
85560
85923
85926
86102
86475
86478
86840
86843
87960
87964
88030
88477
88479
88695
88933
88935
89237
89280
90434
91329
91332
92197
92200
92391
93064
93076
93343
93346
93630
93633
93922
93925
94338
95232
95235
95304
95307
95487
95489
96537
97152
97154
97757
99112
99813
99817
99866
99965
99966
100319
100427
100428
101427
101429
102030
102032
103109
103152
103395
104515
104518
104668
104829
105150
105300
105322
105458
105618
105621
105856
105859
106063
106399
106402
106591
106594
107172
107320
107322
107776
107778
107801
107804
108483
108694
108774
109516
109544
110249
110983
111352
111355
111630
111722
111726
112392
112396
112490
112494
112603
112607
112648
112976
112978
113308
113311
113581
113583
114101
114175
114178
114679
114682
114958
114960
115007
115647
115651
115950
115953
116233
116479
116640
117059
117063
117438
117441
117498
117501
117517
117519
117938
117940
118179
118182
118253
118256
118597
118601
119173
119176
119573
119575
119896
119898
120419
120424
121004
121008
121082
121085
121383
121386
121585
121588
121634
121636
122610
122613
122638
122640
123136
123232
123510
123514
123907
123910
125153
125155
125289
125291
125721
125806
126872
126875
127319
127320
127338
127341
127734
128029
128032
128480
128667
128669
128768
128771
130908
130980
130983
131293
131295
131497
131500
131659
131661
132376
133245
133248
134235
134237
134577
135198
136612
137192
137465
137468
137486
137489
137691
137693
137963
139871
140068
140072
140150
140513
140516
140708
140717
140719
141377
141380
142133
142135
143211
143215
143353
143355
143975
144785
144789
145607
145610
146420
146424
146425
146427
146960
146962
147313
147408
147411
147562
147565
147620
147623
148257
148606
148624
148627
149138
149167
149431
150681
150684
150853
150857
151102
151199
151202
152211
152214
152464
152467
153016
153018
153444
153446
153568
153571
154528
154531
154723
155620
156059
156124
156127
156136
157213
157503
158063
158192
158195
158310
158312
158461
158464
158686
158688
158790
159910
159914
160117
160412
160414
161389
161392
161433
161435
161931
161935
162067
162072
162398
162400
162851
162855
162863
163126
163149
163151
163153
163157
163391
163393
163599
163697
163700
163706
163707
163871
164234
164236
164421
164425
164881
164883
165291
165382
165385
165513
165746
165933
167747
167750
167995
167998
168204
168207
168379
168380
169062
169064
169755
169774
169777
170397
170399
170613
170616
172697
172698
172702
172721
172724
173507
173510
175510
175513
175702
175922
175924
176083
177364
177367
177899
177902
179781
179783
179825
179828
179905
179909
179993
179994
182710
182713
184640
184642
185585
185934
185936
186894
187591
187594
189346
190179
190422
190424
191796
191903
191905
192062
192325
192328
192860
192863
192983
192986
193681
193683
193744
193746
193884
194176
194791
194794
194846
195940
197352
197897
197899
198398
198401
198614
198618
198824
199165
199169
199195
199198
199596
199598
199758
199761
199904
199908
199945
200003
200010
200114
200116
200322
200476
200478
200731
200734
200893
201146
201147
202375
203043
203044
203153
203156
203879
203881
203958
203962
204172
204400
204403
204695
204698
204802
204803
205183
205185
206555
207215
207218
207424
207427
208104
208240
208243
208900
208940
209135
209137
209627
209629
209730
209733
209905
209907
210551
210690
210693
211242
211245
211626
211629
211852
212065
212067
212200
212232
212234
212720
212882
212885
213787
213790
214417
214760
214764
214842
214846
214848
214851
215457
215460
215688
215704
215706
216685
217166
217170
217326
217329
217754
217758
217883
217896
217899
218278
218282
219063
219145
219148
219549
219869
220266
220268
220374
220376
220723
220726
220832
221027
221053
221317
221319
221320
221322
222415
222419
223151
223593
223596
223763
223766
223833
224650
224654
224673
224676
224916
224919
224922
225428
225431
225925
225999
226001
226356
226513
227058
227062
227198
227201
227693
227696
227858
227861
227891
227892
227950
227952
228936
228939
229233
229235
230023
230026
230507
231118
231120
231606
231609
232761
232763
232776
232778
233077
233106
233109
233144
233146
233203
233206
233609
233612
234310
234315
234344
234546
234548
235232
235235
235385
235527
235531
235560
235562
235660
235662
235903
236135
236454
236805
237195
238075
238077
239167
239170
239345
239348
241470
241473
241758
241835
242249
242252
242281
242284
242994
243100
243102
243222
244623
245024
245028
245132
245135
245143
246352
246382
246385
246510
246512
247491
248154
248156
249046
249896
250206
251076
251079
251638
251775
252349
252353
252367
252369
252757
252759
253304
253542
253544
254026
254029
254267
254269
254525
254607
254612
254733
254735
254892
254895
255458
255486
255489
255808
255811
255812
255814
255871
256034
256144
256516
256520
256557
256560
257027
257030
257060
257312
257314
257370
257374
257375
257378
257486
257490
257523
257699
257703
258748
258750
259128
259131
259920
260252
260496
260498
260669
261617
261619
261635
261800
262881
262885
264042
264166
264171
264433
265792
265794
266907
266911
266919
267343
267433
267436
267655
268505
268723
268726
268816
268818
268892
269773
269776
269817
270919
271658
272182
272184
273312
273315
273346
273349
274440
274444
274931
274956
277112
277192
277195
277425
277427
277934
278361
278364
279431
279434
279961
279966
280058
280061
280065
280068
280268
280269
280786
281585
281587
282017
282825
282827
282849
282853
285364
285368
286622
286627
287532
287535
288322
288515
288518
288770
288773
288925
288928
289332
289335
289418
289421
289592
289595
289639
289642
289974
289976
290232
290234
290731
290846
290848
291040
291686
291691
292017
292020
292233
292236
292646
292649
292666
292668
293684
293686
293791
293794
294235
295489
295751
295754
296636
296639
296718
296774
297112
298537
299163
299165
299843
299929
299933
300558
300561
300863
301130
301133
301304
301324
301596
301853
301856
302654
302657
302906
302910
303042
303127
303130
303531
303533
304045
304048
304315
304317
304449
304450
304583
304586
304800
304803
304913
304916
305464
305469
306533
306535
306959
307083
308132
308358
308364
308522
308525
308772
308788
309976
309977
310432
310435
310523
310716
311038
311860
311863
311884
311887
312001
312227
313129
313133
313783
313786
313968
314126
314129
315365
315583
315587
316249
317974
318551
318554
318556
319864
320092
320094
320157
320160
321033
321037
321204
321206
322113
322116
322347
322447
322450
323050
323425
323429
323601
324287
324291
325297
325302
325563
325568
325751
325754
325767
325769
326526
326968
326971
327103
327127
327209
327653
327909
328511
328515
329439
330549
330803
330808
330919
330923
331051
331054
332588
332590
333499
333502
333674
333677
334479
334482
334565
334584
334588
334646
334650
334815
334819
334978
334980
335532
336100
336153
336156
336581
337052
337055
337307
338403
338405
338639
338642
338847
339609
339611
339776
339779
340059
340246
340248
340517
340522
340525
340529
340618
341509
341514
341975
341978
342508
342511
342519
343110
343113
343256
343807
343810
344183
344189
344418
344422
344426
344429
345254
345257
346198
346201
347035
347039
347041
347509
347512
348680
348798
348800
348848
348851
349444
349447
349550
349552
349676
350034
350250
350268
352053
353478
353481
354245
354247
354432
354435
355176
355179
355517
355599
355604
355688
355691
355704
355707
356190
356192
357174
357176
357498
357501
357590
357593
358695
359379
359994
359997
360105
360333
360336
360859
360861
361955
361959
362110
362111
362173
362176
362938
365113
366331
367159
367382
367386
368021
368023
368956
369002
369034
369341
369786
369788
370193
370196
370208
370440
370466
370470
370931
371591
371594
371905
372295
372298
372491
372681
372685
373414
373543
373547
374871
376672
376676
377029
377031
377106
377110
378057
378099
379040
380662
380665
380967
380970
381271
381310
381417
381420
382172
382485
382488
382813
382816
382950
382953
383155
383414
383417
383421
383423
383528
383532
383775
384180
384517
384520
384904
384907
385057
385061
385615
386045
386413
386416
387151
387153
387284
387287
387561
387565
387739
387741
387983
387987
388376
388378
388589
388708
389583
389586
389731
389733
389768
389925
389928
390999
391002
392241
392705
392708
393285
393287
393890
393937
393938
394131
394282
394628
395155
395158
395417
395421
395816
395819
396305
396471
396831
396832
396889
397154
397733
397736
397745
397748
397761
397885
397888
398425
398664
398667
399019
399022
401128
401131
401659
401662
401928
402108
402111
402207
402210
402424
402427
402633
402858
402900
403322
404229
404408
404411
404474
404559
405383
405386
405417
405419
405566
405870
405925
405928
405935
406099
406546
406615
406619
406791
406991
406993
407122
407329
407364
407444
407846
408195
408309
408311
408410
409445
410335
410339
410349
410351
410651
411441
411443
411646
411647
412423
412428
412950
412953
413018
413021
413463
413788
414138
414707
414710
414976
415092
415695
415699
416292
416295
416324
416327
417429
417431
418503
418507
418566
419326
419329
419366
419461
419466
419982
419985
420051
420053
423077
423357
423555
423559
423629
423631
424180
424181
424290
425407
425460
425463
425658
425661
426533
426536
427282
427286
427348
427350
427569
427572
427887
428624
429063
429358
430058
430379
430407
430410
430519
430522
431011
431014
431929
431932
432364
432365
432912
432996
433386
433388
434170
434173
434175
434177
434251
434797
434801
436515
436519
436545
436548
437482
438351
439390
439665
439667
440346
440349
441753
442124
442125
442761
443221
443224
443312
443313
443324
443328
443515
443516
445155
445158
445308
445485
445609
446463
446466
446523
447034
447143
447146
447481
447485
448816
448979
448982
449351
449480
449626
449653
449656
449755
449758
450447
450451
450546
450550
451141
451144
451897
452104
452106
452816
452856
453031
453035
453798
455128
455611
456365
456368
456715
456718
457663
457850
457852
458835
460040
460043
460194
460863
461008
461011
461102
461107
461246
461248
461647
461649
462047
462666
462934
462938
463565
463569
464135
464139
464334
464493
464497
466232
466441
466444
466637
466639
470119
470122
470333
470337
470736
470863
471598
471808
471972
472346
472558
473250
473269
473415
474302
474305
474807
474811
475339
475341
476186
477502
477742
478969
478971
478975
479036
479038
479400
479781
480386
480387
481183
481186
482895
483404
483407
483498
483754
483756
483888
483894
483924
484411
484415
484616
484619
484876
484879
485019
485021
485022
485023
485430
485433
485653
485693
485720
485723
485872
485873
485877
486067
486575
487410
487568
487571
487901
487903
488122
488126
488333
488398
488401
489017
489019
490047
490050
490275
490277
491144
491147
491378
491379
491716
491719
492015
493288
493291
493436
493439
493554
493690
493694
493871
493875
493916
494426
494431
494779
495173
496261
496283
496285
496445
496448
496472
496475
497392
497395
497413
497415
497562
497601
497604
497703
497911
497917
498489
498490
498579
498581
498763
499394
500003
500005
501167
501333
501337
501852
503036
503039
503060
503062
504066
504067
504342
504346
504514
504517
504753
504754
504981
504984
505091
505971
505974
506024
506947
506949
506954
506957
508413
508697
508700
508870
508967
509146
509253
509256
509576
509579
509967
509972
510285
510288
510906
511234
512097
512100
512926
513461
513465
513597
513600
514020
514023
514192
514207
514498
514502
515535
515539
516037
516041
516578
516681
516732
518468

